5068.0
5068.0
5068.0
5404.0
3232.0
3232.0
3232.0
2492.0
4000.0
5404.0
5404.0
5404.0
3232.0
2492.0
2932.0
5704.0
2804.0
2932.0
5068.0
5404.0
4000.0
5404.0
1616.0
3232.0
2804.0
3232.0
7680.0
2492.0
4000.0
5404.0
5404.0
2804.0
4000.0
2492.0
4000.0
2540.0
5404.0
5068.0
5068.0
2804.0
2804.0
2204.0
5068.0
5068.0
2932.0
5404.0
5068.0
5068.0
5404.0
5404.0
1660.0
5404.0
2804.0
2804.0
5404.0
2540.0
5068.0
5068.0
5404.0
5404.0
2804.0
2932.0
2540.0
5068.0
2540.0
3232.0
2932.0
2540.0
5068.0
2492.0
3096.0
4000.0
4000.0
3232.0
3972.0
2540.0
4000.0
3232.0
5404.0
5068.0
3232.0
2932.0
5404.0
5404.0
5068.0
5068.0
4000.0
2204.0
5068.0
3232.0
5404.0
5068.0
2804.0
2932.0
4000.0
4000.0
2932.0
4000.0
4048.0
4000.0
5404.0
1300.0
2204.0
4048.0
4000.0
5068.0
2540.0
4000.0
5404.0
5068.0
2932.0
5068.0
5068.0
5068.0
5404.0
3232.0
4000.0
2804.0
2540.0
2932.0
5068.0
5404.0
4000.0
5068.0
5068.0
5068.0
3232.0
4000.0
3232.0
3232.0
5404.0
4000.0
3232.0
4048.0
4000.0
4000.0
4000.0
5068.0
5404.0
3232.0
3496.0
908.0
4000.0
2932.0
2204.0
5404.0
5404.0
5404.0
3232.0
2804.0
3232.0
3676.0
5404.0
5068.0
2492.0
5068.0
5068.0
5404.0
5068.0
3232.0
2204.0
5404.0
2804.0
3232.0
2932.0
5068.0
2492.0
5068.0
4000.0
4000.0
4000.0
5068.0
1044.0
3232.0
5068.0
5404.0
4000.0
4000.0
5404.0
2804.0
5404.0
2804.0
3512.0
5068.0
1616.0
3232.0
2640.0
5068.0
5068.0
5404.0
5068.0
4000.0
2540.0
2204.0
4000.0
2204.0
2116.0
5404.0
2540.0
3232.0
5404.0
5404.0
5068.0
5068.0
3232.0
5404.0
3232.0
3232.0
4000.0
5404.0
1660.0
2540.0
5404.0
3096.0
5404.0
2932.0
5068.0
4000.0
5404.0
4000.0
4000.0
3232.0
2804.0
5404.0
5404.0
2540.0
5404.0
1616.0
5404.0
4000.0
5068.0
5068.0
5068.0
2932.0
5404.0
4000.0
5068.0
4000.0
4000.0
2932.0
5404.0
5068.0
2932.0
2932.0
5404.0
4000.0
5068.0
4000.0
5404.0
5404.0
4000.0
5404.0
3232.0
5404.0
4000.0
3232.0
4000.0
5068.0
5404.0
5404.0
5404.0
5068.0
4000.0
2804.0
5404.0
5068.0
5404.0
5068.0
5068.0
2932.0
4000.0
4000.0
4000.0
5068.0
5404.0
5404.0
3232.0
4000.0
5404.0
5404.0
2804.0
4000.0
5404.0
5404.0
5404.0
4000.0
4000.0
2932.0
5068.0
4000.0
3232.0
5404.0
5068.0
3232.0
5404.0
2804.0
5404.0
5404.0
2932.0
5068.0
3232.0
5404.0
4036.0
4000.0
2492.0
5068.0
5068.0
5068.0
5404.0
5068.0
5404.0
5068.0
5068.0
3232.0
4000.0
5404.0
5068.0
5068.0
2932.0
2932.0
7268.0
2804.0
5404.0
5404.0
5404.0
4000.0
5404.0
5404.0
5404.0
5068.0
2804.0
4000.0
4000.0
5404.0
5068.0
2492.0
2540.0
5404.0
5404.0
2932.0
5404.0
4000.0
2804.0
2932.0
3232.0
3232.0
4000.0
5068.0
3232.0
908.0
3232.0
5404.0
2540.0
2492.0
1616.0
4000.0
4000.0
5068.0
5404.0
2804.0
5404.0
3232.0
5404.0
5404.0
5404.0
4000.0
4000.0
3460.0
2932.0
5404.0
2492.0
5068.0
5404.0
3232.0
2492.0
4000.0
4000.0
3232.0
3196.0
5404.0
5404.0
2804.0
2540.0
4000.0
5404.0
5068.0
5404.0
2492.0
5068.0
2540.0
2804.0
5068.0
5068.0
5068.0
5068.0
2492.0
5404.0
2932.0
5068.0
5068.0
5404.0
4000.0
1660.0
4000.0
3428.0
5068.0
5068.0
3232.0
4000.0
5404.0
5068.0
5068.0
5404.0
3232.0
3232.0
4000.0
5404.0
4000.0
2492.0
1068.0
5068.0
2932.0
2804.0
4000.0
5404.0
3232.0
5068.0
5404.0
3348.0
4000.0
5068.0
5068.0
4000.0
2540.0
2932.0
2932.0
3232.0
1300.0
3196.0
5624.0
5068.0
5404.0
2540.0
5068.0
4000.0
5404.0
4000.0
5404.0
4000.0
2540.0
3232.0
5404.0
5068.0
4000.0
2932.0
1616.0
2932.0
4000.0
5404.0
2932.0
2204.0
2932.0
3232.0
5404.0
5404.0
3232.0
5068.0
5404.0
5404.0
2540.0
5404.0
5404.0
5404.0
5068.0
5404.0
4000.0
2804.0
4000.0
3232.0
2492.0
5068.0
5404.0
2932.0
3428.0
3232.0
5404.0
2932.0
1044.0
2024.0
3232.0
5404.0
2932.0
5404.0
4000.0
4048.0
3232.0
5068.0
5068.0
5068.0
6232.0
5404.0
2804.0
5404.0
2540.0
1300.0
1568.0
5404.0
3972.0
5068.0
2804.0
5404.0
5404.0
5068.0
4016.0
5404.0
5404.0
5404.0
2540.0
5068.0
2540.0
5404.0
2540.0
5404.0
5404.0
3232.0
5404.0
5068.0
4000.0
4000.0
2540.0
1120.0
5404.0
4000.0
2492.0
4000.0
5068.0
5068.0
4000.0
2932.0
2932.0
5068.0
5404.0
4000.0
5068.0
4000.0
2804.0
5404.0
2932.0
2804.0
4000.0
2804.0
4048.0
5068.0
2540.0
5404.0
5404.0
5404.0
2492.0
5068.0
5068.0
5068.0
5404.0
2804.0
4000.0
1972.0
5404.0
4000.0
3232.0
5404.0
5068.0
4000.0
5404.0
5764.0
5404.0
3232.0
5404.0
5068.0
5068.0
5068.0
4000.0
3232.0
2932.0
4000.0
1660.0
2492.0
4000.0
5404.0
4000.0
5404.0
2804.0
5068.0
5404.0
5404.0
5404.0
5068.0
5764.0
3232.0
5404.0
3232.0
4000.0
5404.0
5068.0
2932.0
5404.0
5404.0
5808.0
2540.0
3232.0
5404.0
5404.0
2804.0
5068.0
4000.0
2540.0
2540.0
1300.0
5068.0
5068.0
5068.0
5068.0
3232.0
5404.0
5068.0
1616.0
4000.0
2932.0
3532.0
5404.0
2204.0
5068.0
5404.0
5068.0
2492.0
2540.0
2932.0
5068.0
5404.0
2804.0
2804.0
2804.0
5068.0
4000.0
2804.0
2540.0
4000.0
3232.0
4000.0
5404.0
5068.0
5404.0
1428.0
2932.0
4000.0
5068.0
2932.0
2932.0
5068.0
3388.0
5404.0
2540.0
5404.0
4000.0
6232.0
1300.0
5404.0
2204.0
4000.0
3232.0
5404.0
5068.0
5404.0
2804.0
3972.0
1300.0
4000.0
2804.0
3676.0
5404.0
4000.0
5068.0
2932.0
2540.0
4000.0
4000.0
2492.0
5404.0
3232.0
3232.0
5068.0
5068.0
5404.0
4000.0
5068.0
2540.0
2804.0
5404.0
3972.0
5404.0
2540.0
3232.0
5068.0
2932.0
5404.0
5404.0
2804.0
5404.0
5404.0
5068.0
5404.0
4000.0
2540.0
3232.0
4000.0
5068.0
5068.0
3232.0
5404.0
5068.0
5484.0
2932.0
1660.0
3232.0
4000.0
5404.0
5764.0
2492.0
5404.0
4000.0
2932.0
3232.0
5068.0
5068.0
5404.0
2804.0
5404.0
2540.0
5404.0
2932.0
5068.0
5404.0
4000.0
5404.0
1660.0
4000.0
5404.0
5404.0
3232.0
4000.0
4000.0
3232.0
2804.0
5068.0
4744.0
4000.0
4000.0
3512.0
5068.0
5068.0
4000.0
5404.0
4000.0
5068.0
1616.0
2804.0
5068.0
5404.0
2492.0
5068.0
3232.0
5068.0
3228.0
2804.0
5404.0
4000.0
2932.0
5856.0
2932.0
5404.0
76.0
64.0
64.0
64.0
64.0
64.0
64.0
64.0
64.0
64.0
64.0
64.0
64.0
64.0
64.0
64.0
0.0
64.0
64.0
64.0
64.0
64.0
64.0
64.0
64.0
64.0
64.0
64.0
64.0
64.0
8.0
64.0
64.0
64.0
64.0
64.0
64.0
64.0
64.0
64.0
8.0
12.0
8.0
64.0
8.0
64.0
64.0
64.0
64.0
64.0
64.0
64.0
64.0
64.0
64.0
8.0
64.0
64.0
64.0
64.0
64.0
64.0
64.0
64.0
64.0
64.0
64.0
64.0
64.0
64.0
8.0
64.0
64.0
64.0
64.0
8.0
52.0
64.0
64.0
64.0
64.0
64.0
64.0
64.0
64.0
64.0
64.0
64.0
8.0
64.0
64.0
64.0
64.0
64.0
64.0
64.0
64.0
72.0
64.0
88.0
8.0
64.0
64.0
64.0
64.0
64.0
8.0
64.0
52.0
64.0
64.0
64.0
64.0
8.0
64.0
64.0
0.0
64.0
64.0
64.0
64.0
64.0
64.0
64.0
64.0
64.0
64.0
64.0
64.0
64.0
64.0
64.0
64.0
64.0
64.0
64.0
8.0
64.0
64.0
64.0
64.0
8.0
64.0
0.0
64.0
64.0
8.0
64.0
64.0
64.0
8.0
64.0
64.0
8.0
64.0
64.0
64.0
8.0
64.0
64.0
64.0
64.0
64.0
64.0
8.0
64.0
8.0
8.0
64.0
64.0
64.0
64.0
64.0
64.0
64.0
64.0
64.0
64.0
8.0
64.0
64.0
8.0
64.0
64.0
64.0
64.0
64.0
64.0
64.0
64.0
64.0
64.0
64.0
64.0
64.0
64.0
64.0
0.0
64.0
64.0
8.0
116.0
64.0
116.0
8.0
64.0
64.0
64.0
204.0
64.0
64.0
64.0
64.0
64.0
8.0
8.0
64.0
64.0
64.0
64.0
8.0
8.0
64.0
64.0
64.0
64.0
64.0
64.0
64.0
64.0
64.0
64.0
8.0
64.0
64.0
64.0
64.0
64.0
64.0
64.0
64.0
64.0
88.0
8.0
8.0
64.0
72.0
64.0
64.0
8.0
64.0
64.0
64.0
64.0
124.0
64.0
8.0
64.0
64.0
64.0
64.0
64.0
64.0
8.0
64.0
64.0
64.0
64.0
64.0
64.0
64.0
64.0
76.0
8.0
64.0
64.0
64.0
64.0
64.0
64.0
64.0
64.0
64.0
8.0
64.0
64.0
64.0
64.0
8.0
64.0
64.0
64.0
8.0
64.0
64.0
64.0
64.0
8.0
8.0
64.0
64.0
64.0
64.0
64.0
64.0
8.0
64.0
64.0
8.0
8.0
64.0
8.0
64.0
64.0
64.0
64.0
8.0
8.0
64.0
8.0
64.0
8.0
8.0
88.0
64.0
88.0
8.0
0.0
64.0
64.0
64.0
64.0
64.0
64.0
64.0
20.0
64.0
64.0
64.0
64.0
64.0
64.0
64.0
64.0
64.0
8.0
64.0
64.0
64.0
64.0
64.0
64.0
64.0
64.0
64.0
64.0
64.0
64.0
8.0
64.0
8.0
248.0
64.0
64.0
64.0
64.0
64.0
8.0
64.0
64.0
64.0
8.0
64.0
64.0
64.0
64.0
8.0
64.0
64.0
64.0
72.0
64.0
64.0
64.0
64.0
132.0
64.0
64.0
64.0
64.0
64.0
64.0
64.0
64.0
224.0
64.0
64.0
64.0
8.0
64.0
64.0
64.0
64.0
64.0
64.0
64.0
64.0
64.0
64.0
8.0
64.0
64.0
64.0
64.0
8.0
8.0
64.0
64.0
64.0
72.0
64.0
64.0
8.0
64.0
64.0
64.0
64.0
8.0
64.0
8.0
64.0
8.0
64.0
64.0
64.0
64.0
64.0
64.0
8.0
88.0
8.0
8.0
8.0
64.0
64.0
64.0
64.0
64.0
64.0
64.0
64.0
64.0
64.0
8.0
64.0
64.0
24.0
64.0
124.0
64.0
64.0
76.0
64.0
64.0
64.0
64.0
64.0
64.0
64.0
64.0
64.0
64.0
64.0
64.0
64.0
64.0
64.0
64.0
64.0
64.0
64.0
8.0
8.0
64.0
64.0
64.0
64.0
8.0
64.0
8.0
64.0
64.0
64.0
64.0
0.0
64.0
64.0
64.0
8.0
64.0
64.0
64.0
64.0
64.0
88.0
64.0
64.0
64.0
64.0
8.0
64.0
8.0
16.0
64.0
64.0
64.0
52.0
64.0
64.0
72.0
64.0
64.0
64.0
64.0
8.0
8.0
64.0
64.0
64.0
64.0
64.0
64.0
64.0
132.0
64.0
64.0
64.0
64.0
64.0
8.0
64.0
72.0
64.0
64.0
64.0
124.0
64.0
64.0
8.0
64.0
8.0
64.0
8.0
64.0
64.0
64.0
64.0
64.0
64.0
64.0
64.0
64.0
64.0
64.0
64.0
64.0
64.0
64.0
64.0
64.0
64.0
64.0
8.0
64.0
64.0
64.0
64.0
64.0
64.0
0.0
64.0
64.0
64.0
64.0
64.0
64.0
64.0
64.0
64.0
64.0
64.0
64.0
64.0
64.0
8.0
8.0
64.0
64.0
64.0
64.0
64.0
64.0
64.0
8.0
64.0
8.0
8.0
64.0
64.0
64.0
64.0
64.0
64.0
64.0
8.0
64.0
64.0
64.0
64.0
64.0
8.0
64.0
8.0
8.0
8.0
64.0
64.0
64.0
64.0
64.0
64.0
64.0
64.0
64.0
8.0
64.0
52.0
64.0
64.0
64.0
8.0
8.0
64.0
64.0
0.0
64.0
64.0
64.0
64.0
116.0
64.0
64.0
64.0
64.0
64.0
64.0
8.0
0.0
64.0
64.0
64.0
64.0
8.0
64.0
64.0
64.0
64.0
64.0
64.0
64.0
64.0
64.0
64.0
64.0
64.0
64.0
8.0
64.0
64.0
180.0
64.0
88.0
64.0
64.0
64.0
64.0
64.0
64.0
8.0
64.0
64.0
64.0
64.0
64.0
64.0
64.0
64.0
64.0
64.0
64.0
64.0
64.0
64.0
64.0
64.0
64.0
64.0
8.0
64.0
72.0
60.0
72.0
76.0
172.0
216.0
112.0
68.0
56.0
92.0
92.0
64.0
88.0
88.0
124.0
92.0
88.0
64.0
60.0
220.0
104.0
136.0
52.0
36.0
176.0
88.0
192.0
96.0
52.0
100.0
60.0
192.0
100.0
88.0
64.0
56.0
48.0
52.0
472.0
384.0
532.0
476.0
548.0
532.0
404.0
528.0
324.0
636.0
660.0
696.0
320.0
672.0
628.0
404.0
704.0
540.0
412.0
396.0
564.0
628.0
572.0
436.0
540.0
580.0
504.0
572.0
728.0
808.0
536.0
472.0
796.0
356.0
640.0
712.0
308.0
908.0
488.0
516.0
588.0
704.0
412.0
476.0
676.0
748.0
828.0
676.0
516.0
428.0
596.0
864.0
344.0
364.0
424.0
524.0
400.0
468.0
640.0
736.0
556.0
612.0
364.0
708.0
320.0
440.0
432.0
440.0
856.0
596.0
612.0
492.0
372.0
568.0
584.0
544.0
360.0
580.0
448.0
476.0
700.0
504.0
256.0
728.0
428.0
672.0
760.0
328.0
624.0
416.0
508.0
688.0
628.0
780.0
588.0
840.0
480.0
684.0
400.0
480.0
448.0
276.0
880.0
384.0
776.0
680.0
604.0
492.0
464.0
492.0
424.0
448.0
576.0
624.0
956.0
612.0
420.0
464.0
440.0
576.0
448.0
464.0
560.0
544.0
468.0
420.0
336.0
540.0
620.0
600.0
572.0
380.0
444.0
612.0
576.0
712.0
524.0
428.0
624.0
516.0
620.0
708.0
504.0
516.0
268.0
564.0
600.0
400.0
300.0
712.0
400.0
548.0
432.0
360.0
476.0
764.0
772.0
440.0
572.0
384.0
496.0
524.0
624.0
464.0
720.0
556.0
612.0
728.0
572.0
716.0
456.0
376.0
624.0
392.0
416.0
720.0
888.0
296.0
424.0
588.0
644.0
464.0
732.0
592.0
436.0
364.0
780.0
744.0
412.0
824.0
564.0
404.0
688.0
716.0
444.0
580.0
724.0
576.0
604.0
504.0
492.0
384.0
556.0
400.0
648.0
460.0
468.0
340.0
612.0
520.0
688.0
640.0
476.0
484.0
756.0
664.0
352.0
380.0
564.0
632.0
476.0
508.0
308.0
504.0
472.0
344.0
384.0
168.0
364.0
488.0
256.0
316.0
436.0
192.0
388.0
424.0
356.0
180.0
96.0
284.0
408.0
152.0
240.0
132.0
224.0
316.0
308.0
236.0
272.0
376.0
220.0
268.0
212.0
216.0
444.0
324.0
180.0
196.0
136.0
360.0
212.0
152.0
428.0
184.0
108.0
396.0
176.0
332.0
368.0
420.0
468.0
344.0
196.0
364.0
284.0
296.0
304.0
492.0
340.0
232.0
304.0
476.0
296.0
140.0
196.0
276.0
280.0
212.0
336.0
276.0
276.0
188.0
380.0
372.0
204.0
372.0
408.0
456.0
220.0
344.0
484.0
212.0
152.0
180.0
324.0
304.0
240.0
168.0
208.0
332.0
652.0
292.0
324.0
252.0
268.0
292.0
116.0
496.0
400.0
280.0
284.0
200.0
512.0
176.0
312.0
172.0
464.0
304.0
180.0
216.0
352.0
328.0
252.0
272.0
240.0
208.0
344.0
360.0
168.0
228.0
376.0
208.0
392.0
240.0
564.0
268.0
200.0
280.0
304.0
140.0
320.0
432.0
252.0
212.0
676.0
364.0
260.0
204.0
308.0
280.0
508.0
296.0
316.0
296.0
268.0
228.0
484.0
396.0
396.0
256.0
272.0
384.0
212.0
240.0
232.0
248.0
556.0
184.0
328.0
328.0
284.0
284.0
472.0
408.0
376.0
404.0
196.0
200.0
244.0
400.0
436.0
400.0
300.0
396.0
300.0
504.0
336.0
396.0
428.0
508.0
328.0
288.0
228.0
308.0
316.0
200.0
276.0
524.0
464.0
380.0
460.0
180.0
240.0
316.0
364.0
268.0
296.0
472.0
192.0
196.0
256.0
260.0
312.0
344.0
304.0
288.0
256.0
324.0
396.0
240.0
232.0
164.0
256.0
404.0
284.0
380.0
404.0
476.0
292.0
296.0
144.0
420.0
284.0
272.0
172.0
256.0
340.0
324.0
232.0
380.0
288.0
420.0
152.0
364.0
448.0
236.0
408.0
492.0
320.0
256.0
316.0
140.0
252.0
340.0
208.0
328.0
360.0
408.0
436.0
340.0
380.0
288.0
596.0
208.0
164.0
472.0
284.0
496.0
360.0
212.0
360.0
276.0
164.0
244.0
364.0
300.0
460.0
240.0
268.0
264.0
412.0
192.0
544.0
364.0
176.0
376.0
260.0
168.0
280.0
180.0
360.0
212.0
236.0
240.0
268.0
268.0
344.0
396.0
132.0
212.0
268.0
372.0
624.0
176.0
232.0
372.0
268.0
376.0
348.0
192.0
252.0
216.0
180.0
208.0
132.0
332.0
216.0
228.0
408.0
200.0
196.0
120.0
376.0
216.0
476.0
472.0
164.0
248.0
396.0
388.0
328.0
268.0
232.0
264.0
476.0
168.0
228.0
288.0
308.0
344.0
324.0
180.0
164.0
240.0
224.0
524.0
408.0
332.0
388.0
232.0
284.0
236.0
424.0
468.0
212.0
224.0
252.0
132.0
184.0
216.0
220.0
500.0
252.0
304.0
316.0
400.0
364.0
372.0
184.0
420.0
304.0
280.0
148.0
348.0
504.0
280.0
324.0
348.0
292.0
464.0
264.0
328.0
352.0
340.0
492.0
116.0
252.0
240.0
280.0
360.0
252.0
184.0
244.0
276.0
144.0
100.0
380.0
368.0
376.0
180.0
416.0
356.0
256.0
336.0
432.0
288.0
272.0
360.0
200.0
240.0
280.0
160.0
176.0
328.0
256.0
244.0
208.0
380.0
316.0
188.0
580.0
244.0
204.0
212.0
296.0
300.0
144.0
436.0
252.0
160.0
324.0
276.0
300.0
288.0
256.0
328.0
264.0
348.0
252.0
324.0
284.0
320.0
260.0
172.0
292.0
384.0
196.0
532.0
300.0
352.0
256.0
204.0
240.0
388.0
168.0
200.0
404.0
384.0
356.0
268.0
620.0
480.0
324.0
336.0
284.0
656.0
296.0
140.0
284.0
324.0
348.0
176.0
172.0
500.0
468.0
280.0
260.0
372.0
372.0
232.0
148.0
248.0
264.0
592.0
284.0
400.0
328.0
376.0
320.0
332.0
236.0
416.0
440.0
620.0
172.0
496.0
308.0
512.0
308.0
196.0
320.0
432.0
320.0
268.0
220.0
496.0
240.0
228.0
196.0
164.0
284.0
292.0
312.0
148.0
276.0
332.0
320.0
284.0
380.0
244.0
368.0
136.0
264.0
180.0
324.0
228.0
164.0
324.0
496.0
316.0
188.0
312.0
360.0
216.0
504.0
472.0
332.0
416.0
256.0
200.0
284.0
284.0
260.0
200.0
272.0
596.0
372.0
220.0
252.0
296.0
396.0
372.0
364.0
272.0
360.0
144.0
264.0
156.0
356.0
292.0
324.0
148.0
292.0
224.0
236.0
340.0
296.0
144.0
292.0
692.0
284.0
288.0
444.0
356.0
260.0
312.0
240.0
208.0
352.0
240.0
192.0
204.0
360.0
220.0
308.0
352.0
244.0
200.0
380.0
592.0
436.0
348.0
364.0
220.0
300.0
224.0
536.0
264.0
216.0
340.0
384.0
304.0
308.0
304.0
224.0
192.0
316.0
324.0
180.0
244.0
204.0
456.0
344.0
520.0
384.0
280.0
348.0
288.0
184.0
244.0
440.0
372.0
312.0
304.0
440.0
328.0
268.0
532.0
304.0
288.0
336.0
264.0
580.0
460.0
248.0
340.0
380.0
448.0
312.0
336.0
516.0
308.0
288.0
308.0
176.0
196.0
468.0
144.0
376.0
464.0
352.0
236.0
188.0
324.0
220.0
376.0
292.0
360.0
144.0
356.0
204.0
428.0
196.0
224.0
460.0
116.0
120.0
160.0
408.0
240.0
176.0
304.0
240.0
300.0
124.0
268.0
256.0
336.0
340.0
392.0
208.0
184.0
440.0
340.0
468.0
336.0
176.0
240.0
408.0
332.0
320.0
224.0
404.0
412.0
496.0
256.0
360.0
404.0
448.0
308.0
436.0
368.0
488.0
304.0
608.0
308.0
280.0
336.0
220.0
348.0
128.0
332.0
304.0
384.0
184.0
272.0
224.0
188.0
168.0
224.0
292.0
296.0
328.0
300.0
568.0
384.0
348.0
264.0
164.0
308.0
320.0
472.0
156.0
200.0
228.0
240.0
296.0
536.0
432.0
188.0
444.0
404.0
380.0
252.0
332.0
260.0
296.0
272.0
308.0
360.0
256.0
288.0
312.0
108.0
248.0
380.0
280.0
300.0
196.0
400.0
252.0
248.0
460.0
560.0
436.0
468.0
392.0
364.0
624.0
380.0
368.0
328.0
400.0
196.0
292.0
336.0
364.0
300.0
216.0
100.0
280.0
120.0
248.0
292.0
240.0
324.0
388.0
156.0
224.0
240.0
184.0
272.0
444.0
364.0
284.0
236.0
284.0
448.0
196.0
256.0
424.0
336.0
300.0
192.0
348.0
428.0
168.0
444.0
268.0
372.0
424.0
172.0
284.0
328.0
144.0
592.0
348.0
336.0
208.0
464.0
236.0
524.0
500.0
388.0
204.0
372.0
192.0
212.0
384.0
540.0
280.0
304.0
400.0
300.0
512.0
204.0
300.0
276.0
232.0
264.0
204.0
292.0
156.0
220.0
228.0
192.0
380.0
148.0
356.0
444.0
272.0
224.0
264.0
236.0
392.0
316.0
424.0
272.0
148.0
180.0
280.0
652.0
256.0
320.0
224.0
656.0
360.0
248.0
196.0
168.0
504.0
200.0
272.0
272.0
204.0
236.0
368.0
252.0
160.0
388.0
252.0
264.0
256.0
192.0
232.0
172.0
172.0
404.0
156.0
92.0
384.0
216.0
236.0
324.0
564.0
276.0
292.0
268.0
304.0
340.0
192.0
360.0
108.0
316.0
552.0
276.0
252.0
376.0
380.0
228.0
360.0
444.0
360.0
260.0
288.0
416.0
416.0
244.0
208.0
232.0
500.0
208.0
332.0
308.0
176.0
204.0
160.0
304.0
388.0
484.0
716.0
272.0
320.0
400.0
208.0
408.0
392.0
512.0
340.0
328.0
308.0
272.0
276.0
260.0
288.0
400.0
180.0
204.0
312.0
344.0
332.0
224.0
568.0
232.0
248.0
500.0
144.0
264.0
188.0
220.0
196.0
492.0
200.0
296.0
304.0
244.0
220.0
296.0
164.0
372.0
464.0
420.0
436.0
316.0
472.0
400.0
396.0
296.0
324.0
124.0
312.0
400.0
304.0
308.0
332.0
280.0
324.0
428.0
200.0
256.0
392.0
336.0
320.0
428.0
228.0
412.0
524.0
276.0
308.0
200.0
140.0
260.0
296.0
264.0
232.0
320.0
192.0
252.0
132.0
212.0
356.0
196.0
320.0
228.0
336.0
276.0
280.0
96.0
408.0
492.0
320.0
284.0
364.0
372.0
672.0
200.0
240.0
292.0
392.0
392.0
316.0
180.0
368.0
288.0
272.0
264.0
632.0
420.0
184.0
200.0
332.0
152.0
336.0
328.0
288.0
624.0
268.0
452.0
168.0
272.0
140.0
596.0
312.0
244.0
268.0
168.0
276.0
316.0
348.0
352.0
212.0
168.0
328.0
256.0
180.0
240.0
260.0
248.0
276.0
336.0
188.0
264.0
400.0
260.0
212.0
224.0
456.0
484.0
400.0
244.0
240.0
208.0
232.0
384.0
380.0
288.0
404.0
304.0
268.0
352.0
168.0
360.0
132.0
360.0
236.0
364.0
220.0
364.0
200.0
256.0
212.0
452.0
172.0
128.0
352.0
476.0
364.0
272.0
244.0
300.0
248.0
460.0
220.0
468.0
400.0
376.0
300.0
408.0
224.0
344.0
432.0
300.0
196.0
112.0
196.0
500.0
364.0
268.0
432.0
272.0
140.0
248.0
248.0
316.0
332.0
276.0
236.0
120.0
248.0
328.0
324.0
532.0
352.0
240.0
208.0
328.0
196.0
264.0
144.0
324.0
232.0
208.0
360.0
136.0
196.0
420.0
356.0
132.0
620.0
532.0
340.0
512.0
148.0
104.0
488.0
456.0
284.0
376.0
148.0
336.0
392.0
248.0
328.0
240.0
636.0
516.0
568.0
172.0
384.0
444.0
256.0
324.0
408.0
364.0
240.0
244.0
104.0
252.0
420.0
160.0
260.0
220.0
372.0
204.0
200.0
464.0
284.0
372.0
212.0
336.0
260.0
332.0
204.0
340.0
412.0
448.0
300.0
552.0
292.0
348.0
168.0
220.0
336.0
232.0
276.0
220.0
160.0
464.0
412.0
200.0
280.0
280.0
476.0
260.0
248.0
276.0
280.0
172.0
432.0
280.0
236.0
428.0
468.0
428.0
344.0
100.0
300.0
208.0
236.0
172.0
420.0
284.0
380.0
420.0
392.0
224.0
296.0
292.0
152.0
264.0
228.0
304.0
332.0
360.0
272.0
256.0
200.0
168.0
200.0
296.0
220.0
244.0
338.0
322.0
254.0
388.0
266.0
298.0
410.0
292.0
312.0
332.0
280.0
460.0
396.0
356.0
374.0
250.0
390.0
516.0
310.0
336.0
278.0
314.0
326.0
314.0
432.0
390.0
374.0
380.0
352.0
310.0
348.0
434.0
456.0
464.0
402.0
302.0
360.0
328.0
344.0
354.0
264.0
268.0
322.0
364.0
328.0
424.0
340.0
284.0
276.0
300.0
356.0
368.0
244.0
412.0
336.0
314.0
280.0
310.0
392.0
390.0
298.0
464.0
288.0
364.0
418.0
278.0
286.0
280.0
382.0
332.0
500.0
420.0
432.0
398.0
352.0
284.0
348.0
264.0
366.0
402.0
330.0
266.0
278.0
380.0
320.0
252.0
438.0
402.0
348.0
392.0
370.0
290.0
312.0
334.0
344.0
298.0
288.0
308.0
330.0
364.0
282.0
366.0
316.0
282.0
388.0
302.0
312.0
336.0
238.0
330.0
302.0
316.0
384.0
358.0
244.0
282.0
292.0
266.0
242.0
344.0
398.0
348.0
332.0
440.0
348.0
326.0
274.0
288.0
320.0
404.0
340.0
404.0
372.0
292.0
312.0
324.0
212.0
418.0
352.0
220.0
302.0
314.0
312.0
380.0
316.0
394.0
384.0
288.0
192.0
280.0
340.0
232.0
426.0
284.0
380.0
278.0
346.0
298.0
408.0
404.0
326.0
314.0
318.0
316.0
294.0
330.0
256.0
384.0
270.0
196.0
200.0
402.0
380.0
324.0
396.0
380.0
316.0
368.0
370.0
446.0
196.0
304.0
266.0
408.0
466.0
400.0
394.0
384.0
252.0
332.0
366.0
396.0
320.0
424.0
246.0
314.0
236.0
312.0
358.0
260.0
326.0
286.0
252.0
414.0
254.0
374.0
248.0
298.0
422.0
330.0
292.0
368.0
408.0
410.0
364.0
322.0
274.0
340.0
464.0
240.0
306.0
298.0
358.0
390.0
326.0
316.0
456.0
290.0
248.0
422.0
346.0
362.0
263.0
183.0
249.0
187.0
201.0
343.0
223.0
361.0
219.0
157.0
249.0
241.0
151.0
227.0
131.0
217.0
293.0
277.0
207.0
245.0
329.0
211.0
187.0
179.0
199.0
209.0
267.0
169.0
247.0
235.0
275.0
275.0
253.0
361.0
305.0
327.0
177.0
247.0
267.0
177.0
187.0
267.0
227.0
151.0
243.0
233.0
157.0
213.0
255.0
297.0
239.0
241.0
285.0
281.0
237.0
225.0
327.0
151.0
311.0
177.0
265.0
201.0
235.0
157.0
331.0
225.0
241.0
223.0
211.0
155.0
293.0
277.0
247.0
279.0
209.0
243.0
183.0
275.0
227.0
285.0
195.0
345.0
233.0
203.0
215.0
185.0
147.0
235.0
221.0
293.0
245.0
259.0
305.0
305.0
299.0
275.0
329.0
261.0
229.0
313.0
221.0
193.0
207.0
213.0
209.0
213.0
271.0
231.0
161.0
293.0
239.0
201.0
251.0
231.0
241.0
245.0
275.0
179.0
213.0
261.0
163.0
273.0
273.0
173.0
247.0
179.0
239.0
181.0
223.0
367.0
193.0
311.0
251.0
187.0
185.0
341.0
223.0
189.0
229.0
173.0
185.0
257.0
317.0
283.0
191.0
225.0
313.0
271.0
263.0
237.0
235.0
247.0
243.0
209.0
251.0
257.0
365.0
241.0
191.0
203.0
219.0
227.0
235.0
179.0
185.0
231.0
249.0
259.0
327.0
175.0
157.0
239.0
245.0
179.0
255.0
215.0
301.0
145.0
313.0
267.0
189.0
279.0
167.0
213.0
141.0
249.0
291.0
231.0
197.0
251.0
187.0
225.0
263.0
215.0
189.0
261.0
247.0
155.0
183.0
325.0
221.0
235.0
157.0
245.0
185.0
163.0
231.0
159.0
185.0
289.0
201.0
261.0
173.0
275.0
259.0
277.0
245.0
263.0
201.0
175.0
209.0
245.0
235.0
159.0
261.0
271.0
205.0
297.0
169.0
355.0
209.0
201.0
251.0
327.0
239.0
159.0
215.0
257.0
249.0
237.0
291.0
289.0
253.0
265.0
225.0
201.0
281.0
179.0
341.0
297.0
207.0
165.0
177.0
227.0
187.0
237.0
299.0
199.0
257.0
217.0
169.0
211.0
247.0
203.0
207.0
295.0
179.0
295.0
277.0
241.0
237.0
265.0
177.0
271.0
261.0
287.0
197.0
177.0
233.0
309.0
189.0
249.0
213.0
285.0
235.0
299.0
241.0
293.0
253.0
169.0
219.0
269.0
259.0
177.0
245.0
275.0
207.0
157.0
253.0
215.0
187.0
321.0
257.0
157.0
163.0
209.0
277.0
171.0
293.0
209.0
257.0
273.0
177.0
285.0
231.0
213.0
295.0
225.0
309.0
247.0
313.0
175.0
245.0
201.0
285.0
275.0
291.0
305.0
231.0
163.0
243.0
215.0
225.0
221.0
229.0
237.0
291.0
269.0
411.0
213.0
251.0
183.0
227.0
243.0
187.0
305.0
115.0
255.0
279.0
209.0
281.0
279.0
227.0
279.0
253.0
261.0
261.0
201.0
167.0
121.0
203.0
159.0
223.0
273.0
201.0
209.0
285.0
197.0
173.0
193.0
281.0
357.0
173.0
209.0
99.0
159.0
205.0
155.0
213.0
279.0
199.0
181.0
151.0
297.0
179.0
223.0
127.0
191.0
253.0
259.0
193.0
175.0
263.0
213.0
225.0
321.0
225.0
239.0
205.0
167.0
275.0
223.0
303.0
229.0
243.0
143.0
311.0
285.0
267.0
241.0
175.0
227.0
267.0
153.0
193.0
219.0
283.0
209.0
227.0
157.0
245.0
189.0
157.0
207.0
357.0
171.0
149.0
209.0
259.0
253.0
287.0
171.0
191.0
263.0
285.0
227.0
163.0
197.0
273.0
231.0
201.0
151.0
331.0
169.0
291.0
305.0
203.0
337.0
207.0
219.0
311.0
157.0
201.0
125.0
213.0
163.0
261.0
263.0
273.0
241.0
315.0
287.0
215.0
357.0
267.0
269.0
265.0
197.0
181.0
213.0
215.0
321.0
263.0
203.0
153.0
323.0
175.0
233.0
223.0
235.0
251.0
263.0
189.0
179.0
269.0
225.0
235.0
211.0
301.0
317.0
181.0
323.0
243.0
175.0
235.0
251.0
277.0
289.0
293.0
357.0
279.0
211.0
245.0
273.0
197.0
163.0
267.0
257.0
257.0
197.0
201.0
215.0
249.0
205.0
209.0
221.0
199.0
237.0
257.0
277.0
265.0
251.0
221.0
217.0
177.0
251.0
189.0
243.0
235.0
215.0
115.0
195.0
207.0
219.0
255.0
283.0
163.0
259.0
267.0
203.0
269.0
337.0
203.0
189.0
235.0
203.0
207.0
277.0
195.0
221.0
237.0
339.0
287.0
199.0
227.0
259.0
281.0
115.0
193.0
307.0
155.0
231.0
185.0
199.0
359.0
179.0
269.0
213.0
263.0
193.0
289.0
313.0
107.0
249.0
247.0
189.0
283.0
163.0
277.0
251.0
223.0
213.0
311.0
205.0
221.0
187.0
211.0
217.0
229.0
159.0
227.0
217.0
227.0
237.0
205.0
199.0
297.0
357.0
217.0
183.0
119.0
303.0
269.0
171.0
205.0
213.0
299.0
231.0
217.0
239.0
297.0
291.0
335.0
183.0
161.0
155.0
245.0
217.0
277.0
203.0
209.0
257.0
141.0
229.0
245.0
289.0
197.0
363.0
225.0
235.0
229.0
225.0
317.0
275.0
231.0
227.0
347.0
317.0
325.0
215.0
211.0
89.0
275.0
225.0
269.0
287.0
273.0
221.0
245.0
271.0
377.0
265.0
225.0
211.0
261.0
171.0
235.0
233.0
237.0
255.0
263.0
207.0
215.0
187.0
275.0
359.0
207.0
149.0
237.0
193.0
365.0
165.0
191.0
279.0
205.0
223.0
245.0
121.0
199.0
257.0
139.0
229.0
265.0
215.0
207.0
171.0
239.0
125.0
249.0
243.0
199.0
223.0
249.0
241.0
159.0
289.0
155.0
179.0
267.0
163.0
275.0
233.0
253.0
193.0
327.0
277.0
245.0
195.0
205.0
231.0
201.0
209.0
249.0
233.0
243.0
171.0
201.0
243.0
175.0
179.0
285.0
175.0
265.0
217.0
229.0
267.0
187.0
251.0
319.0
267.0
249.0
211.0
195.0
85.0
239.0
271.0
225.0
285.0
207.0
173.0
157.0
301.0
219.0
265.0
191.0
189.0
285.0
261.0
199.0
165.0
231.0
271.0
285.0
297.0
233.0
187.0
211.0
147.0
281.0
291.0
235.0
261.0
225.0
309.0
277.0
199.0
235.0
255.0
249.0
215.0
175.0
215.0
217.0
147.0
157.0
203.0
195.0
231.0
165.0
265.0
217.0
181.0
177.0
185.0
305.0
227.0
193.0
237.0
355.0
209.0
235.0
337.0
253.0
243.0
279.0
193.0
291.0
215.0
241.0
155.0
293.0
163.0
211.0
237.0
185.0
255.0
285.0
295.0
297.0
281.0
191.0
165.0
239.0
301.0
201.0
219.0
221.0
303.0
259.0
199.0
317.0
215.0
193.0
243.0
213.0
227.0
151.0
185.0
237.0
225.0
245.0
273.0
159.0
197.0
191.0
247.0
231.0
175.0
241.0
205.0
281.0
163.0
261.0
187.0
195.0
199.0
199.0
207.0
329.0
237.0
381.0
281.0
297.0
259.0
249.0
263.0
217.0
229.0
209.0
239.0
263.0
273.0
269.0
221.0
247.0
223.0
175.0
197.0
205.0
261.0
247.0
313.0
265.0
201.0
157.0
233.0
295.0
311.0
243.0
283.0
171.0
293.0
233.0
255.0
187.0
235.0
335.0
215.0
179.0
295.0
359.0
203.0
257.0
115.0
235.0
211.0
187.0
363.0
251.0
211.0
221.0
199.0
225.0
125.0
191.0
189.0
199.0
289.0
259.0
229.0
215.0
179.0
167.0
249.0
237.0
229.0
201.0
251.0
215.0
201.0
249.0
179.0
347.0
165.0
233.0
257.0
191.0
277.0
209.0
199.0
277.0
207.0
217.0
271.0
131.0
249.0
217.0
211.0
151.0
173.0
341.0
293.0
211.0
223.0
255.0
281.0
195.0
243.0
139.0
303.0
241.0
255.0
255.0
221.0
203.0
239.0
381.0
187.0
189.0
211.0
179.0
151.0
305.0
267.0
141.0
241.0
229.0
213.0
255.0
193.0
211.0
183.0
189.0
185.0
301.0
207.0
299.0
315.0
241.0
235.0
279.0
243.0
281.0
197.0
123.0
219.0
247.0
311.0
261.0
237.0
235.0
215.0
267.0
273.0
237.0
181.0
245.0
283.0
215.0
235.0
177.0
303.0
221.0
199.0
151.0
281.0
135.0
319.0
269.0
131.0
179.0
265.0
209.0
255.0
269.0
203.0
269.0
237.0
209.0
181.0
235.0
195.0
309.0
255.0
249.0
205.0
225.0
175.0
199.0
343.0
219.0
187.0
221.0
165.0
195.0
273.0
397.0
187.0
225.0
231.0
173.0
251.0
167.0
173.0
173.0
195.0
193.0
173.0
179.0
213.0
323.0
271.0
213.0
193.0
127.0
319.0
301.0
389.0
245.0
247.0
225.0
219.0
153.0
351.0
233.0
197.0
195.0
197.0
257.0
271.0
271.0
215.0
231.0
235.0
209.0
289.0
245.0
267.0
321.0
277.0
241.0
211.0
333.0
263.0
241.0
309.0
217.0
215.0
275.0
135.0
187.0
201.0
217.0
297.0
231.0
153.0
245.0
175.0
295.0
191.0
167.0
157.0
213.0
229.0
299.0
253.0
335.0
185.0
199.0
229.0
231.0
325.0
285.0
257.0
237.0
193.0
265.0
281.0
305.0
215.0
237.0
205.0
179.0
247.0
199.0
295.0
259.0
299.0
121.0
165.0
217.0
199.0
209.0
255.0
315.0
209.0
245.0
235.0
187.0
259.0
147.0
271.0
143.0
293.0
273.0
251.0
149.0
169.0
183.0
151.0
201.0
201.0
213.0
177.0
209.0
255.0
249.0
269.0
299.0
151.0
243.0
271.0
245.0
237.0
221.0
239.0
261.0
187.0
277.0
221.0
237.0
207.0
189.0
243.0
271.0
393.0
261.0
219.0
315.0
239.0
255.0
319.0
231.0
263.0
297.0
327.0
239.0
171.0
287.0
187.0
153.0
371.0
295.0
185.0
239.0
241.0
235.0
185.0
253.0
229.0
217.0
265.0
279.0
245.0
197.0
219.0
267.0
255.0
281.0
221.0
209.0
221.0
219.0
175.0
193.0
301.0
217.0
193.0
169.0
221.0
211.0
251.0
255.0
231.0
259.0
395.0
175.0
235.0
235.0
217.0
237.0
179.0
161.0
159.0
335.0
225.0
245.0
185.0
193.0
255.0
299.0
253.0
169.0
153.0
335.0
179.0
243.0
159.0
179.0
243.0
257.0
295.0
185.0
221.0
275.0
251.0
263.0
281.0
143.0
231.0
175.0
207.0
237.0
145.0
175.0
273.0
225.0
271.0
231.0
169.0
225.0
249.0
245.0
257.0
257.0
327.0
255.0
181.0
237.0
199.0
307.0
273.0
225.0
345.0
227.0
205.0
159.0
253.0
341.0
271.0
185.0
223.0
177.0
133.0
289.0
203.0
271.0
183.0
169.0
197.0
215.0
299.0
199.0
253.0
161.0
281.0
169.0
221.0
183.0
223.0
247.0
337.0
191.0
233.0
233.0
313.0
125.0
197.0
301.0
205.0
269.0
201.0
241.0
255.0
241.0
251.0
219.0
221.0
205.0
249.0
235.0
193.0
243.0
221.0
257.0
235.0
199.0
235.0
173.0
237.0
199.0
255.0
195.0
257.0
333.0
195.0
215.0
197.0
313.0
215.0
181.0
343.0
227.0
149.0
163.0
243.0
243.0
211.0
159.0
255.0
231.0
195.0
165.0
299.0
169.0
369.0
145.0
281.0
219.0
277.0
299.0
139.0
249.0
301.0
235.0
165.0
265.0
241.0
239.0
165.0
197.0
241.0
307.0
157.0
209.0
161.0
335.0
219.0
145.0
209.0
213.0
185.0
239.0
221.0
221.0
151.0
171.0
189.0
181.0
267.0
225.0
287.0
195.0
269.0
187.0
177.0
277.0
211.0
223.0
181.0
207.0
285.0
143.0
285.0
167.0
187.0
237.0
249.0
221.0
181.0
195.0
221.0
229.0
255.0
213.0
163.0
331.0
205.0
227.0
129.0
321.0
203.0
391.0
293.0
181.0
183.0
183.0
345.0
231.0
229.0
247.0
225.0
231.0
247.0
253.0
269.0
195.0
265.0
197.0
231.0
159.0
221.0
247.0
319.0
297.0
201.0
277.0
253.0
267.0
191.0
321.0
223.0
223.0
343.0
199.0
191.0
269.0
201.0
221.0
173.0
189.0
171.0
307.0
337.0
233.0
253.0
153.0
299.0
317.0
153.0
185.0
291.0
245.0
295.0
281.0
189.0
363.0
257.0
181.0
207.0
281.0
219.0
185.0
251.0
193.0
245.0
217.0
215.0
235.0
219.0
255.0
199.0
195.0
257.0
207.0
327.0
195.0
205.0
157.0
219.0
269.0
227.0
161.0
303.0
249.0
319.0
257.0
205.0
189.0
253.0
187.0
247.0
263.0
267.0
221.0
213.0
231.0
195.0
247.0
301.0
219.0
155.0
337.0
183.0
197.0
249.0
233.0
181.0
191.0
265.0
195.0
217.0
283.0
297.0
229.0
209.0
179.0
245.0
319.0
251.0
295.0
189.0
185.0
243.0
211.0
269.0
337.0
207.0
323.0
283.0
119.0
299.0
207.0
245.0
137.0
221.0
317.0
207.0
251.0
203.0
263.0
299.0
179.0
247.0
233.0
279.0
239.0
259.0
235.0
221.0
249.0
275.0
165.0
217.0
195.0
191.0
197.0
127.0
205.0
219.0
251.0
175.0
355.0
197.0
215.0
247.0
287.0
153.0
389.0
183.0
249.0
263.0
205.0
239.0
205.0
285.0
253.0
251.0
171.0
245.0
381.0
269.0
239.0
161.0
173.0
209.0
251.0
233.0
173.0
229.0
303.0
281.0
241.0
129.0
179.0
241.0
247.0
399.0
215.0
251.0
217.0
235.0
217.0
351.0
183.0
247.0
317.0
177.0
213.0
209.0
225.0
229.0
259.0
221.0
251.0
201.0
195.0
213.0
231.0
169.0
219.0
227.0
323.0
243.0
249.0
203.0
245.0
247.0
285.0
293.0
295.0
161.0
189.0
181.0
263.0
205.0
275.0
267.0
151.0
263.0
277.0
293.0
273.0
251.0
2151.0
1941.0
2045.0
1957.0
2137.0
1154.0
1012.0
1148.0
808.0
944.0
1084.0
1010.0
786.0
1016.0
1038.0
942.0
968.0
902.0
1270.0
1262.0
1580.0
1278.0
1338.0
1446.0
1156.0
1208.0
1585.0
1485.0
1381.0
1339.0
1721.0
1537.0
1715.0
1533.0
1635.0
1493.0
1507.0
1623.0
1489.0
1485.0
1517.0
1531.0
1533.0
1723.0
1569.0
1631.0
1645.0
1491.0
1185.0
1413.0
1531.0
1449.0
1837.0
1585.0
1815.0
1611.0
1675.0
1705.0
1707.0
1483.0
1605.0
1527.0
1489.0
1361.0
1441.0
1709.0
1777.0
1647.0
1531.0
1541.0
1573.0
1523.0
1665.0
1723.0
1349.0
1387.0
1281.0
1643.0
1889.0
1539.0
1511.0
1383.0
1889.0
1571.0
1731.0
1613.0
1591.0
1417.0
1781.0
1637.0
1559.0
1601.0
1641.0
1497.0
1843.0
1455.0
1401.0
1655.0
1537.0
1639.0
1453.0
1639.0
1719.0
1521.0
1781.0
1695.0
1903.0
1665.0
1687.0
1753.0
1721.0
1521.0
1531.0
1565.0
1557.0
1569.0
1447.0
1691.0
1591.0
1565.0
1601.0
1535.0
1589.0
1363.0
1333.0
1343.0
1523.0
1431.0
1475.0
1711.0
1607.0
1651.0
1535.0
1879.0
1565.0
1473.0
1503.0
1763.0
1625.0
1613.0
1599.0
1615.0
1685.0
1917.0
1535.0
1747.0
1839.0
1511.0
1865.0
1505.0
1683.0
1369.0
1573.0
1843.0
1563.0
1569.0
1317.0
1475.0
1431.0
1489.0
1463.0
1573.0
1533.0
1463.0
1633.0
1545.0
1527.0
1445.0
1659.0
1645.0
1541.0
1407.0
1569.0
1363.0
1527.0
1731.0
1583.0
1323.0
1459.0
1405.0
1501.0
1787.0
1691.0
1591.0
1605.0
1419.0
1475.0
1577.0
1525.0
1545.0
1621.0
1683.0
1455.0
1485.0
1671.0
1641.0
1861.0
1599.0
1703.0
1401.0
1609.0
1559.0
1543.0
1605.0
1555.0
1585.0
1683.0
1567.0
1475.0
1545.0
1863.0
1313.0
1677.0
1545.0
1345.0
1327.0
1841.0
1547.0
1845.0
1815.0
1605.0
1441.0
1421.0
1277.0
1613.0
1595.0
1553.0
1645.0
1513.0
1721.0
1577.0
1483.0
1655.0
1525.0
1587.0
1797.0
1629.0
1725.0
1619.0
1661.0
1493.0
1307.0
1427.0
1385.0
1797.0
1343.0
1717.0
1465.0
1555.0
1567.0
1443.0
1693.0
1633.0
1465.0
1595.0
1413.0
1729.0
1259.0
1655.0
1743.0
1543.0
1551.0
1723.0
1657.0
1401.0
1513.0
1451.0
1433.0
1563.0
1225.0
1455.0
1687.0
1745.0
1397.0
1707.0
1665.0
1941.0
1791.0
1581.0
1491.0
1555.0
1721.0
1743.0
1355.0
1559.0
1183.0
1443.0
1699.0
1571.0
1473.0
1403.0
1733.0
1545.0
1573.0
1521.0
1597.0
1489.0
1841.0
1303.0
1665.0
1439.0
1447.0
1381.0
1569.0
1815.0
1439.0
1397.0
1627.0
1621.0
1489.0
1495.0
1459.0
1571.0
1745.0
1499.0
1725.0
1449.0
1689.0
1559.0
1463.0
1449.0
1399.0
1557.0
1769.0
1721.0
1829.0
1467.0
1465.0
1657.0
1545.0
1593.0
1339.0
1373.0
1485.0
1731.0
1611.0
1649.0
1573.0
1787.0
1571.0
1699.0
1601.0
1363.0
1449.0
1395.0
1559.0
1725.0
1827.0
1581.0
1577.0
1463.0
1491.0
1483.0
1521.0
1621.0
1625.0
1887.0
1533.0
1537.0
1821.0
1649.0
1671.0
1453.0
1443.0
1449.0
1867.0
1533.0
1485.0
1467.0
1379.0
1603.0
1753.0
1641.0
1579.0
1517.0
1393.0
1755.0
1699.0
1515.0
1491.0
1689.0
1719.0
1455.0
1565.0
1441.0
1395.0
1647.0
1527.0
1319.0
1623.0
1719.0
1425.0
1535.0
1635.0
1667.0
1693.0
1629.0
1525.0
1537.0
1539.0
1589.0
1525.0
1717.0
1653.0
1321.0
1637.0
1635.0
1591.0
1445.0
1707.0
1477.0
1859.0
1467.0
1555.0
1527.0
1423.0
1593.0
1653.0
1651.0
1531.0
1741.0
1585.0
1675.0
1653.0
1355.0
1443.0
1479.0
1665.0
1551.0
1511.0
1381.0
1569.0
1687.0
1619.0
1515.0
1479.0
1705.0
1673.0
1457.0
1547.0
1515.0
1493.0
1461.0
1455.0
1807.0
1869.0
1603.0
1763.0
1603.0
1611.0
1567.0
1601.0
1679.0
1563.0
1707.0
1345.0
1577.0
1573.0
1529.0
1675.0
1587.0
1551.0
1549.0
1315.0
1755.0
1421.0
1769.0
1589.0
1767.0
1623.0
1707.0
1227.0
1479.0
1553.0
1609.0
1639.0
1725.0
1435.0
1665.0
1505.0
1613.0
1403.0
1375.0
1541.0
1573.0
1557.0
1473.0
1715.0
1285.0
1503.0
1575.0
1565.0
1617.0
1665.0
1487.0
1563.0
1617.0
1663.0
1557.0
1485.0
1643.0
1297.0
1691.0
1925.0
1575.0
1499.0
1617.0
1781.0
1329.0
1423.0
1601.0
1423.0
1571.0
1735.0
1715.0
1453.0
1565.0
1365.0
1555.0
1353.0
1621.0
1821.0
1339.0
1671.0
1525.0
1703.0
1259.0
1649.0
1563.0
1651.0
1517.0
1627.0
1643.0
1581.0
1553.0
1357.0
1803.0
1669.0
1811.0
1547.0
1613.0
1613.0
1741.0
1855.0
1743.0
1411.0
1665.0
1447.0
1437.0
1659.0
1417.0
1309.0
1731.0
1635.0
1657.0
1517.0
1423.0
1733.0
1489.0
1495.0
1501.0
1669.0
1653.0
1559.0
1511.0
1483.0
1515.0
1661.0
1481.0
1497.0
1459.0
1581.0
1447.0
1329.0
1433.0
1803.0
1667.0
1313.0
1701.0
1543.0
1487.0
1501.0
1663.0
1749.0
1359.0
1675.0
1715.0
1597.0
1625.0
1837.0
1201.0
1493.0
1465.0
1533.0
1493.0
1595.0
1609.0
1469.0
1465.0
1761.0
1471.0
1467.0
1507.0
1535.0
1579.0
1595.0
1385.0
1453.0
1395.0
1553.0
1371.0
1435.0
1331.0
1531.0
1803.0
1453.0
1599.0
1617.0
1621.0
1467.0
1613.0
1453.0
1315.0
1559.0
1669.0
1579.0
1609.0
1441.0
1631.0
1465.0
1605.0
1381.0
1647.0
1521.0
1373.0
1255.0
1513.0
1533.0
1435.0
1577.0
1671.0
1641.0
1405.0
1669.0
1525.0
1669.0
1519.0
1425.0
1517.0
1479.0
1825.0
1765.0
1729.0
1499.0
1649.0
1455.0
1763.0
1291.0
1677.0
1299.0
1597.0
1597.0
1503.0
1477.0
1477.0
1455.0
1729.0
1709.0
1847.0
1379.0
1607.0
1685.0
1637.0
1851.0
1451.0
1497.0
1603.0
1861.0
1501.0
1737.0
1661.0
1557.0
1763.0
1693.0
1575.0
1627.0
1755.0
1313.0
1375.0
1455.0
1455.0
1623.0
1333.0
1499.0
1651.0
1553.0
1341.0
1629.0
1527.0
1783.0
1641.0
1513.0
1407.0
1693.0
1433.0
1595.0
1521.0
1803.0
1747.0
1577.0
1491.0
1517.0
1713.0
1617.0
1561.0
1565.0
1559.0
1581.0
1427.0
1423.0
1745.0
1681.0
1563.0
1419.0
1827.0
1569.0
1301.0
1511.0
2131.0
1747.0
1661.0
1491.0
1597.0
1481.0
1519.0
1529.0
1647.0
1463.0
1553.0
1685.0
1671.0
1447.0
1827.0
1825.0
1531.0
1679.0
1389.0
1597.0
1545.0
1273.0
1521.0
1519.0
1741.0
1317.0
1467.0
1523.0
1471.0
1785.0
1741.0
1495.0
1407.0
1881.0
1627.0
1777.0
1691.0
1483.0
1473.0
1441.0
1447.0
1289.0
1673.0
1539.0
1583.0
1651.0
1749.0
1487.0
1587.0
1463.0
1407.0
1583.0
1657.0
1533.0
1865.0
1719.0
1483.0
1375.0
1817.0
1563.0
1475.0
1551.0
1571.0
1575.0
1761.0
1687.0
1559.0
1719.0
1545.0
1437.0
1585.0
1799.0
1649.0
1615.0
1555.0
1743.0
1349.0
1587.0
1577.0
1681.0
1673.0
1761.0
1585.0
1693.0
1401.0
1411.0
1519.0
1569.0
1619.0
1705.0
1643.0
1617.0
1589.0
1543.0
1583.0
1621.0
1619.0
1631.0
1629.0
1767.0
1643.0
1461.0
1773.0
1635.0
1545.0
1453.0
1541.0
1651.0
1693.0
1469.0
1643.0
1357.0
1349.0
1567.0
1513.0
1701.0
1643.0
1337.0
1703.0
1431.0
1717.0
1699.0
1371.0
1453.0
1537.0
1351.0
1673.0
1671.0
1575.0
1737.0
1493.0
1553.0
1633.0
1879.0
1727.0
1449.0
1421.0
1859.0
1575.0
1739.0
1673.0
1411.0
1275.0
1533.0
1451.0
1651.0
1527.0
1563.0
1619.0
1429.0
1691.0
1669.0
1357.0
1637.0
1507.0
1573.0
1503.0
1641.0
1363.0
1601.0
1333.0
1585.0
1613.0
1645.0
1641.0
1653.0
1653.0
1499.0
1779.0
1425.0
1441.0
1411.0
1609.0
1679.0
1677.0
1347.0
1407.0
1657.0
1597.0
1497.0
1591.0
1583.0
1617.0
1577.0
1847.0
1559.0
1555.0
1647.0
1555.0
1397.0
1399.0
1531.0
1407.0
1601.0
1717.0
1347.0
1571.0
1635.0
1667.0
1583.0
1279.0
1525.0
1685.0
1513.0
1729.0
1483.0
1375.0
1649.0
1539.0
1569.0
1649.0
1237.0
1513.0
1497.0
1497.0
1637.0
1303.0
1487.0
1387.0
1635.0
1337.0
1673.0
1623.0
1497.0
1387.0
1597.0
1639.0
1435.0
1533.0
1609.0
1673.0
1413.0
1435.0
1679.0
1705.0
1583.0
1641.0
1591.0
1557.0
1521.0
1639.0
1313.0
1327.0
1927.0
1403.0
1791.0
1477.0
1663.0
1309.0
1661.0
1353.0
1729.0
1463.0
1603.0
1373.0
1497.0
1491.0
1627.0
1741.0
1585.0
1629.0
1589.0
1425.0
1453.0
1795.0
1513.0
1507.0
1385.0
1579.0
1429.0
1585.0
1597.0
1493.0
1509.0
1391.0
1465.0
1613.0
1377.0
1759.0
1515.0
1519.0
1731.0
1737.0
1381.0
1373.0
1367.0
1565.0
1479.0
1631.0
1493.0
1505.0
1597.0
1737.0
1693.0
1539.0
1297.0
1753.0
1773.0
1617.0
1577.0
1461.0
1585.0
1849.0
1393.0
1577.0
1493.0
1499.0
1503.0
1699.0
1479.0
1487.0
1677.0
1695.0
1485.0
1523.0
1605.0
1835.0
1391.0
1739.0
1473.0
1409.0
1793.0
1643.0
1291.0
1553.0
1429.0
1789.0
1679.0
1351.0
1627.0
1471.0
1723.0
1481.0
1703.0
1671.0
1499.0
1335.0
1731.0
1439.0
1737.0
1473.0
1441.0
1313.0
1483.0
1795.0
1437.0
1703.0
1331.0
1473.0
1601.0
1489.0
1299.0
1505.0
1815.0
1539.0
1533.0
1383.0
1517.0
1697.0
1401.0
1525.0
1463.0
1861.0
1681.0
1767.0
1623.0
1523.0
1665.0
1377.0
1553.0
1691.0
1659.0
1759.0
1655.0
1491.0
1503.0
1465.0
1651.0
1749.0
1417.0
1583.0
1637.0
1515.0
1851.0
1497.0
1595.0
1651.0
1439.0
1667.0
1631.0
1637.0
1631.0
1651.0
1363.0
1609.0
1567.0
1635.0
1697.0
1409.0
1497.0
1595.0
1605.0
1477.0
1447.0
1647.0
1539.0
1591.0
1511.0
1441.0
1553.0
1787.0
1673.0
1539.0
1407.0
1385.0
1633.0
1567.0
1641.0
1465.0
1661.0
1587.0
1671.0
1587.0
1617.0
1837.0
1561.0
1283.0
1535.0
1527.0
1687.0
1445.0
1693.0
1683.0
1699.0
1599.0
1781.0
1351.0
1399.0
1567.0
1717.0
1501.0
1461.0
1361.0
1609.0
1511.0
1615.0
1675.0
1615.0
1531.0
1631.0
1445.0
1461.0
1627.0
1433.0
1615.0
1639.0
1615.0
1489.0
1629.0
1571.0
1433.0
1535.0
1579.0
1669.0
1415.0
1469.0
1683.0
1587.0
1563.0
1497.0
1621.0
1697.0
1437.0
1555.0
1969.0
1413.0
1363.0
1585.0
1297.0
1479.0
1443.0
1663.0
1507.0
1755.0
1337.0
1451.0
1469.0
1379.0
1503.0
1649.0
1679.0
1355.0
1571.0
1627.0
1443.0
1579.0
1473.0
1355.0
1581.0
1599.0
1421.0
1371.0
1471.0
1715.0
1511.0
1711.0
1535.0
1523.0
1517.0
1485.0
1491.0
1487.0
1863.0
1719.0
1387.0
1517.0
1423.0
1469.0
1569.0
1713.0
1531.0
1511.0
1377.0
1411.0
1727.0
1537.0
1711.0
1659.0
1693.0
1581.0
1719.0
1335.0
1663.0
1625.0
1743.0
1529.0
1363.0
1587.0
1659.0
1505.0
1355.0
1703.0
1367.0
1695.0
1611.0
1237.0
1443.0
1617.0
1687.0
1593.0
1817.0
1669.0
1429.0
1373.0
1679.0
1643.0
1881.0
1615.0
1695.0
1441.0
1537.0
1511.0
1611.0
1477.0
1397.0
1669.0
1573.0
1609.0
1531.0
1631.0
1427.0
1423.0
1667.0
1685.0
1451.0
1499.0
1499.0
1707.0
1559.0
1643.0
1591.0
1737.0
1669.0
1421.0
1699.0
1589.0
1685.0
1545.0
1591.0
1645.0
1393.0
1629.0
1517.0
1581.0
1505.0
1467.0
1497.0
1517.0
1625.0
1529.0
1611.0
1475.0
1407.0
1463.0
1571.0
1643.0
1751.0
1703.0
1507.0
1535.0
1607.0
1407.0
1539.0
1527.0
1479.0
1603.0
1657.0
1557.0
1585.0
1601.0
1565.0
1337.0
1677.0
1767.0
1731.0
1791.0
1745.0
1441.0
1655.0
1379.0
1321.0
1675.0
1371.0
1611.0
1349.0
1649.0
1581.0
1375.0
1837.0
1557.0
1533.0
1825.0
1393.0
1447.0
1659.0
1663.0
1855.0
1491.0
1909.0
1649.0
1579.0
1647.0
1649.0
1497.0
1509.0
1815.0
1631.0
1583.0
1375.0
1599.0
1881.0
1493.0
1593.0
1621.0
1725.0
1843.0
1401.0
1663.0
1641.0
1515.0
1503.0
1625.0
1597.0
1907.0
1703.0
1645.0
1697.0
1543.0
1689.0
1495.0
1597.0
1665.0
1543.0
1581.0
1643.0
1755.0
1429.0
1625.0
1631.0
1499.0
1457.0
1661.0
1545.0
1659.0
1599.0
1703.0
1695.0
1581.0
1681.0
1697.0
1713.0
1665.0
1435.0
1511.0
1505.0
1357.0
1703.0
1731.0
1435.0
1683.0
1477.0
1625.0
1671.0
1575.0
1627.0
1545.0
1649.0
1663.0
1555.0
1665.0
1679.0
1661.0
1705.0
1685.0
1601.0
1519.0
1407.0
1557.0
1629.0
1675.0
1609.0
1527.0
1627.0
1651.0
1621.0
1513.0
1551.0
1549.0
1771.0
1585.0
1445.0
1591.0
1535.0
1575.0
1563.0
1477.0
1531.0
1425.0
1625.0
1379.0
1477.0
1477.0
1463.0
1487.0
1637.0
1417.0
1567.0
1733.0
1525.0
1485.0
1643.0
1537.0
1789.0
1739.0
1685.0
1457.0
1693.0
1597.0
1437.0
1741.0
1525.0
1591.0
1421.0
1791.0
1493.0
1729.0
1527.0
1711.0
1827.0
1587.0
1535.0
1347.0
1385.0
1605.0
1537.0
1621.0
1717.0
1565.0
1449.0
1661.0
1329.0
1849.0
1621.0
1799.0
1293.0
1541.0
1783.0
1587.0
1559.0
1989.0
1883.0
1493.0
1495.0
1755.0
1533.0
1621.0
1445.0
1615.0
1407.0
1413.0
1685.0
1617.0
1605.0
1655.0
1405.0
1745.0
1469.0
1803.0
1475.0
1581.0
1521.0
1543.0
1487.0
1591.0
1543.0
1457.0
1453.0
1651.0
1609.0
1561.0
1535.0
1879.0
1645.0
1533.0
1767.0
1703.0
1627.0
1555.0
1647.0
1463.0
1527.0
1665.0
1731.0
1561.0
1511.0
1579.0
1583.0
1401.0
1541.0
1657.0
1399.0
1391.0
1425.0
1655.0
1643.0
1663.0
1475.0
1501.0
1711.0
1629.0
1703.0
1621.0
1481.0
1905.0
1689.0
1457.0
1311.0
1825.0
1599.0
1553.0
1529.0
1597.0
1361.0
1493.0
1665.0
1347.0
1533.0
1361.0
1585.0
1569.0
1477.0
1855.0
1615.0
1557.0
1533.0
1639.0
1781.0
1731.0
1709.0
1581.0
1551.0
1481.0
1567.0
1443.0
1555.0
1501.0
1805.0
1337.0
1701.0
1799.0
1527.0
1547.0
1353.0
1391.0
1391.0
1945.0
1663.0
1633.0
1189.0
1467.0
1689.0
1425.0
1237.0
1425.0
1607.0
1157.0
1627.0
1365.0
1529.0
1429.0
1521.0
1555.0
1553.0
1739.0
1323.0
1459.0
1395.0
1405.0
1389.0
1451.0
1427.0
1647.0
1481.0
1509.0
1667.0
1781.0
1587.0
1575.0
1711.0
1619.0
1651.0
1817.0
1523.0
1747.0
1781.0
1753.0
1317.0
1309.0
1741.0
1521.0
1627.0
1355.0
1457.0
1377.0
1735.0
1563.0
1565.0
1261.0
1655.0
1323.0
1473.0
1373.0
1629.0
1531.0
1603.0
1663.0
1455.0
1601.0
1705.0
1661.0
1619.0
1759.0
1693.0
1827.0
1507.0
1511.0
1261.0
1431.0
1493.0
1369.0
1655.0
1639.0
1483.0
1501.0
1425.0
1573.0
1463.0
1533.0
1531.0
1463.0
1533.0
1529.0
1451.0
1187.0
1497.0
1441.0
1759.0
1537.0
1747.0
1543.0
1815.0
1767.0
1549.0
1597.0
1569.0
1839.0
1607.0
1385.0
1497.0
1491.0
1563.0
1671.0
1707.0
1835.0
1375.0
1547.0
1385.0
1411.0
1819.0
1787.0
1699.0
1791.0
1767.0
1319.0
1641.0
1423.0
1535.0
1491.0
1453.0
1529.0
1525.0
1511.0
1545.0
1403.0
1789.0
1425.0
1489.0
1491.0
1463.0
1369.0
1475.0
1427.0
1443.0
1595.0
1529.0
1355.0
1481.0
1501.0
1439.0
1721.0
1659.0
1689.0
1657.0
1657.0
1269.0
1721.0
1713.0
1673.0
1527.0
1607.0
1637.0
1579.0
1487.0
1571.0
1753.0
1763.0
1569.0
1441.0
1697.0
1483.0
1339.0
1725.0
1821.0
1451.0
1513.0
1581.0
1601.0
1513.0
1699.0
1695.0
1963.0
1515.0
1637.0
1539.0
1427.0
1505.0
1317.0
1441.0
1659.0
1575.0
1543.0
1715.0
1627.0
1749.0
1671.0
1719.0
1487.0
1715.0
1659.0
1547.0
1425.0
1633.0
1441.0
1437.0
1571.0
1691.0
1619.0
1777.0
1447.0
1579.0
1755.0
1423.0
1623.0
1427.0
1449.0
1433.0
1613.0
1605.0
1523.0
1807.0
1467.0
1593.0
1287.0
1545.0
1551.0
1587.0
1567.0
1631.0
1363.0
1477.0
1349.0
1645.0
1559.0
1869.0
1385.0
1459.0
1563.0
1787.0
1679.0
1749.0
1489.0
1413.0
1577.0
1655.0
1509.0
1479.0
1491.0
1513.0
1505.0
1619.0
1811.0
1599.0
1369.0
1587.0
1525.0
1527.0
1597.0
1425.0
1671.0
1483.0
1651.0
1507.0
1715.0
1583.0
1607.0
1513.0
1639.0
1651.0
1487.0
1449.0
1361.0
1795.0
1399.0
1513.0
1523.0
1527.0
1525.0
1493.0
1593.0
1723.0
1535.0
1553.0
1663.0
1521.0
1457.0
1743.0
1557.0
1605.0
1523.0
1449.0
1459.0
1759.0
1533.0
1631.0
1471.0
1653.0
1513.0
1537.0
1801.0
1513.0
1397.0
1485.0
1833.0
1689.0
1449.0
1541.0
1785.0
1427.0
1585.0
1565.0
1447.0
1641.0
1653.0
1469.0
1547.0
1501.0
1581.0
1345.0
1667.0
1555.0
1513.0
1581.0
1573.0
1877.0
1535.0
1205.0
1679.0
1609.0
1775.0
1569.0
1623.0
1673.0
1537.0
1581.0
1707.0
1441.0
1361.0
1539.0
1651.0
1523.0
1485.0
1771.0
1539.0
1673.0
1721.0
1659.0
1443.0
1771.0
1519.0
1657.0
1837.0
1731.0
1869.0
1367.0
1573.0
1631.0
1395.0
1273.0
1459.0
1429.0
1677.0
1513.0
1441.0
1749.0
1683.0
1783.0
1549.0
1389.0
1517.0
1299.0
1637.0
1581.0
1635.0
1497.0
1647.0
1535.0
1839.0
1333.0
1573.0
1459.0
1629.0
1565.0
1353.0
1651.0
1457.0
1547.0
1451.0
1539.0
1625.0
1431.0
1573.0
1611.0
1659.0
1555.0
1617.0
1741.0
1499.0
1841.0
1521.0
1497.0
1573.0
1747.0
1561.0
1473.0
1743.0
1551.0
1759.0
1803.0
1643.0
1541.0
1395.0
1667.0
1429.0
1879.0
1427.0
1563.0
1517.0
1639.0
1919.0
1721.0
1537.0
1577.0
1507.0
1669.0
1761.0
1563.0
1421.0
1593.0
1757.0
1557.0
1613.0
1473.0
1615.0
1863.0
1531.0
1439.0
1715.0
1395.0
1613.0
1555.0
1517.0
1491.0
1767.0
1551.0
1693.0
1541.0
1329.0
1571.0
1291.0
1661.0
1829.0
1361.0
1405.0
1725.0
1879.0
1465.0
1715.0
1597.0
1303.0
1513.0
1595.0
1641.0
1479.0
2009.0
1541.0
1413.0
1833.0
83.0
67.0
107.0
47.0
101.0
89.0
109.0
113.0
209.0
53.0
97.0
51.0
71.0
113.0
105.0
97.0
73.0
89.0
91.0
79.0
71.0
67.0
49.0
25.0
63.0
53.0
49.0
65.0
75.0
61.0
61.0
119.0
161.0
107.0
55.0
65.0
69.0
63.0
39.0
87.0
119.0
99.0
115.0
55.0
125.0
93.0
95.0
39.0
113.0
113.0
91.0
93.0
91.0
81.0
55.0
53.0
53.0
77.0
95.0
79.0
91.0
49.0
53.0
121.0
85.0
55.0
101.0
81.0
85.0
125.0
79.0
113.0
107.0
125.0
79.0
31.0
59.0
117.0
81.0
57.0
127.0
73.0
79.0
79.0
85.0
45.0
113.0
409.0
533.0
509.0
559.0
445.0
461.0
529.0
551.0
479.0
455.0
555.0
449.0
439.0
515.0
591.0
521.0
463.0
353.0
471.0
471.0
